0.0 0.14687499403953552 0.569531261920929 0.05937499925494194 0.20781250298023224
0.0 0.19296875596046448 0.5414062738418579 0.06718750298023224 0.22343750298023224
0.0 0.29765623807907104 0.5453125238418579 0.06093750149011612 0.22812500596046448
0.0 0.32734376192092896 0.55078125 0.06406249850988388 0.22343750298023224
0.0 0.3812499940395355 0.557812511920929 0.07187499850988388 0.23125000298023224
0.0 0.42656248807907104 0.5562499761581421 0.08124999701976776 0.24687500298023224
0.0 0.5101562738418579 0.555468738079071 0.07343749701976776 0.24531249701976776
0.0 0.604687511920929 0.563281238079071 0.08437500149011612 0.22031250596046448
0.0 0.686718761920929 0.551562488079071 0.07968749850988388 0.24375000596046448
0.0 0.7320312261581421 0.555468738079071 0.07343749701976776 0.21718749403953552
0.0 0.5484374761581421 0.55859375 0.06875000149011612 0.20468750596046448
0.0 0.782031238079071 0.5687500238418579 0.07343749701976776 0.20624999701976776
0.0 0.835156261920929 0.5054687261581421 0.0703125 0.15156249701976776
0.0 0.9046875238418579 0.5101562738418579 0.07187499850988388 0.15156249701976776
0.0 0.964062511920929 0.5179687738418579 0.0625 0.17343750596046448
0.0 0.24609375 0.5367187261581421 0.0546875 0.20781250298023224
