0.0 0.305799663066864 0.5241652131080627 0.08084358274936676 0.2970122992992401
0.0 0.2113356739282608 0.5210896134376526 0.07117750495672226 0.31370824575424194
0.0 0.38884007930755615 0.4710017442703247 0.05008787289261818 0.21704745292663574
0.0 0.4718804955482483 0.4608963131904602 0.06326889246702194 0.2407732903957367
0.0 0.5224077105522156 0.46616873145103455 0.04305799677968025 0.210896298289299
0.0 0.5808435678482056 0.462653785943985 0.05096660926938057 0.2302284687757492
0.0 0.6335676908493042 0.4714411199092865 0.045694202184677124 0.22319859266281128
0.0 0.677943766117096 0.4714411199092865 0.044815465807914734 0.22847099602222443
0.0 0.7398945689201355 0.46836555004119873 0.07908611744642258 0.24165202677249908
0.0 0.9050966501235962 0.5197715163230896 0.0579964853823185 0.14762741327285767
